14 PRAEFATIO.

46 sq. 9188 : 2198. 50 : 2386 sq. 58 : 12481810,
2299, 2389 sq. 53 sq. : 2293 sq, 2303 sq. 59 sq. : 2338
sq. 63488,2334. 6542336. 66490,2337. 68
42327,2329,2341. 69423292347. 7042348. 72
42349. 73 9175 2352. 744 2351. 764 2346.

42943. 784 2314. 79. 2344 2357 834 600 2375
84: 2373. 85· 98, 126, 1134. 864 99, 1135. 88
42194,21974(4. 8942199. 90· 91. 91: 93,139.
92494,1913. 93492. 9442193 2345. 9542316.
102-4: 2353- 55. 105- 9· 2367- 71. 111: 2350.
12441950125915794 191012641949. 130. 1916,
2231. 1374498, 141: 19131917 147-5121831
-95, 154-5641941- 4315741945159944.
41947. 161-6341964-66. 164416201968. 165
41970. 17541988, 17941927. 18141972. 185
41925. 189 cum Med. 83421073,8235. 19641975.
20641760. 22341944. 24341443. 25342185.
26042184. 26342190. 268944218644. 27042189.
272 : 2095. 273 : 2096, 2452. 44944103, 2138, 2448,

4494. 494 (of. 94449 4994)4 4449. 499. 4499. 499
44449. 499. 4499. 949444 449444. 944. 4999.
9994 4949. 994· 494944. 999444 4949, 4999. 944
44999, 4999. 999. 4999. 999444 444944. 99944.

44449. 99444449. 999-49944444-49. 49444.
4444444. 494444449944. 499-444449-49, 449
44444. 49444449. 49944499 49944494. 49444.
4494. 49944499. 4994449944, 4994. 49944499.
494-9944494-99. 99944499, 99944449. 994
44949. 99944449494949. 944449994999. 949
44994. 9444494944999. 949449944999. 944
4 4949, 4999, 4999-4994. 949 4 4949, 1850, 4999.
99944. 4 499944. 994 4 4994 sq. 994-44 4 4999-94.
9444 4994, 4999, 4444. 944 :um 94449. 499 4 4999.
94944. 4 4949 44. 944 44. 4 4999 44. 949 et 449 4 4949.

 

