 

PRAEFATIO. 11

10598149311320. 1059 81 1386 1 1110, 2023. 105986.
11322 sq. 1059 sq. (81. Helenae 637)1 921, 1469.
10628811324811. 10641699,874,1499,1610. 1065
1888, 818, 1811. 18881 8811111818, 1888. 1881
: 591,722,770, 144, 877. 11061743. 11071124,10’11.

11081125. 11091127. 1116881126888. 1156 v

11209. 11571696870. 11721906,1332. 11761235,
258, 1103, 1699. 11841 1089, 2102. 11851 604.
1187 sq. (81888811. 732)1 1082, 1104,1218. 118811091.
119011092. 1191 1871,1165,1220. 1191811111Ρ18111.
6911079. 11921872,1106. 119311223. 1194
110881224. 119511090,1225. 119611227. 1197
1 713, 885, 1328. 1198 sq. 1 888 sq„ 1329 sq. 1260 sq.
’ 1123188. 1202181.Η88.396)11233,1321. 1207
1880, 882, 1206. 12081881,1207. 1210 1 1112.
12111824. 12121 800. 1213-191 1012·-18.
1220 sq. 1 1095 sq. 12231878,1505,1507,1537. 1223
811111 Η881111513,1519. 1224811111 1188111509. 1224
18791505. 123311275,1309. 124111080. 12441116.
1245111688. 12461117. 124788179388. 12601474,
477,1126. 12611478. 126611474,1794. 126711475.
12821369. 12831279. 12851281. 128688181118811111.
9701282. 12901790. 12911788. 129388179188.

12951120. 1297-13001107-10. 13021122,441. ’

13661 121, 437. 1308 sq. 1 11488. 1312 81463 1 283.
13151285. 13161290. 1317814621291. ,1318811111
1188. 10241354. 1335 cum Hipp. 678 1 340, 344, 353.
133811257. 1346 8174411560. 136611273. 1366
81140111297. 136711277. 13698111128088. 1371
1968. 13721967. 13751231. 13861817. 138681
10591 1110, 2023. 13881461. 1389 81 1392 1 465.
13918110571463. 1392811111 16111113501464. 1401

1 1274, 1297,1454. 1402 8111 1317 sq. 1404—'7 1 1130
-33. 1405 81 140711238. ’

 

