PRAEFATIO. 13

114761869. 114961871. 115166665066. 115866.
6143466. 116161436. 117061234. 117161127,
1235. 118166625666. 1204-66857-59. 1239
6322,1290. 124061201. 1241-436323-25,1292 ·
-94.1250-5261284-86.1253612881254
61478. 12756 278. 1279666 280. 12856 260 302
1286· 261,.296 131566681566.133268121335
6113371481.1349666148966.135066661166.
18926464. 135261491. 138166680366. 138466.
6132666. 14016899. 14026896. 14036898.
141061920. 141261921. 14136823,2179. 141766.
696366. 1425666130166. 14296827. 14336850.
1434 6 820, 1025. 14356 852. 1436 66. 6 82166.
14386900. 143961303. 14416901. 14486802,829.
1452 61453. 1456 6 1482 66. 1457 6 1483.

Troadum 68 6 1508, 1520. 36061646. 361 6 1645.

36261647. 39261663. 39761656. 39861662.
39961658. 40161660. 46861034.λ 46966663366,

103066. 474-76 6 535-37. 477 6 558 (61. Med. 917).
479666569, 217466. 607640. 620666983. 62266.
64166. 68066671666, 64766653866. 649-55
6 541-47. 656-58 6 550-52. 677 sq: 553 66.
683-85 6 501-93. 684 6666661166. 7386 590. 688-08
6622-32. 70866663566. 710 (= Med. 271)61862.
712 6 64066. 71466.6 64266. 743-4661514-17.
7496667766. 75461534. 755666153266. 76066.
6 183466. 762 (cf. Med. 1017) 6 910, 13361364. 768
-72 6 333-37. 853 6 1005, 1918, 2076. 93061118.
121766. 6 1518. 12246 1383. 123566. 6 144766.
1237-39 6 1450-52. 1258 6 1755. 1268 sq: 170466.
130961597.

716οεὶ261911. 761304. 861996. 346618.
356620. 3866662180. 39 6126862186. 39666617.
4166. 6 96, 2104. 42 61818 6 2003. 45 6 95, 2196.

 

