10 PRAEFATIO.

884. 29466643466. 323666126666. 3346271.
3376269. 3426614,981,1769. 3436616982. 3486426.
3496430. 3606261. 36366623766. 3666269.
367 66. 6 226 sq. 366 6 1063. 367-69 6 263 -55.
370666 20666. 373666 24066. 389-936 888- 92.
, 398666 120066. 40161202. 4066 481. 4666 246.
4676 247, 1976 461. ·.248 462. 272. 462 61 1317
6291. 463 6113126283. 464666 28666. 466-69
6292-96. 47066629866. 4726301,1340. 47361
4796304. 486-886316-19. 4896329. 49066.
6 33166. 493 6110696 1320. 613-16 6 347-60,
67661026. 6686218166. 66962183. 68361982.
684· 847. 690· 144. 700· 138. 7046 771. 70666.
677666. 7076 616, 760, 775. 708. 776. 70966.
67.7866 711. 768. 713619346764. 7146766797,
1946. 715. 798. 729 61914 767. 738cumTroad.
6846690. 7386613, 782, 1609. 7406762. 74461
134661660. 7606789. 76061247. 7626736.
7866837. 78666674166. 863666198766. 858
:733,808. 86966680666. 8816467, 688. 8826288,
468. 886 618896469. 8906470, 726. 8996479.
8966796. 9096730. 9116733. 9126798. 913
eum Hipp. 6236761. 91461004. 914617296767.
9166367,748. 9166737. 9176612,986. 9176666
Troad. 477 : 119, 428, 616, 769, 914, 2402. 91966.
683666. 9221768. 9336799. 934 oum Rhesi 183
61973,2236. 934617136764. 93661974. 96166.
6198666. 9916732. 9946448866. 9966449,461,
734,867, 182366. 99761036-38. 99861036. 999
6731. 100461067. 100661030. 10166908. 1017
(cf. Troad. 762) 6 910, 1336, 1364. 1018 6429619, 987.
1019-236916-19, 10246786. 10276466. 1029
6 463, 466, 682, 868. 1030 6 472, 696, 697, 869. 1067
6462, 131466. 1067611391 6 463. 1068 6 1316, 1319.

 

