 

8888888810. 9

et 10498 369. 104886. 8 2064, 2497. 1067 8 368.
110186.

Oroatis 136 8 1613, 2008, 2203, 2488. 137 8 2060,
2104, 2128. 642 86871886. 826 cum Hippol. 840
8 714. 839 sq. 8 416 86, 442 86. 841-43 8 360-62.
8448148. 846868149. 84786816086. 8498364,
374. 849 868363. 861-648366-68. 86686.
837486. 86886837686. 860868378. 8638381.
866-69 8 382-86. 870 8 386, 417, 443. 871 8387.
8738388. 8768391. 87786839986. 8828392, 394.
8838397. 8848393. 8938403. 89486840986.
8978408. 9098406, 407. 9138396. 9148396.
9168441. 9368406. 93686841286. 9408418.
13198114.

Medeae hypothesis (Nostorum versus) : 936, 938, 940.
Μ86.181. 382. 683. 886. 988. 1086.
81486. 13834. 14832. 14 8863688664682602.
16833. 168683786. 2084, 43. 218686186.
2688684686. 2786897286. 308974. 30868946.
328946 948. 338949. 348686386, 96086. 36866.
378 489, 1076, 1172. 38· 486, 1174, 1269. 3986.
8.49186 438 493, 1076. 49-,628 1163- 66. 6486.
126086. 66- 68· 66- 68. 69. 6911761672 60
81178. 6281170. 6381179. 67-7081180-83.
7181180. 71-7381184-86. 748681193. 7686.
8119486. 78868118986. 80868124186. 9081243.
91861024841244. 93868119686. 9681097,1198.
10381246. 10486.8487,488,1246. 1128 1046.
1138681047. 11681069. 126868606. 1338810.
1468604, 684, 692. 1478606. 2068809. 2098811,
814. 226-288763-66. 23181019,1116. 232
87261020. 2618681022. 26381024. 2668766.
268 86. 8 767 86. 268 8 219 86, 1761. 271 (= Troad.
710)81862. 2788471. 27986847686 2828712,

 

