16 PRAEFATIO.

11111, 1110. 24121136. 1111110111. 1111101.
1111101111. 111111. 110110. 1111110. 110
1111.. 1111111. 1111111111. 1111111011.

29211158710. 302113051584. 3081586. 307
-21262-64. 326 et 3281 565, 599. 328 2 1032.
353-56 1 1788-81. 382 z 1801. 383 t 1801, 1803.
384101 180410. 431 : 1384. 432101138510, 1328 sq.
43412070, 2073. 43510. : 2074 sq. 437 12072.
438101165410. 48111548. 47811550. 48111888.
64511529. 65612212. 6571170812213. 05810.
1221910. 660101222210. 68212233. 60810.
1184510. 67311833. 87411835. 6751011838.
682110942007. 68312018. 68411834. 70212216.
703 : 2218. 722 : 1810, 1812. 7231 1811, 2039.
7501111 1101 sq. 759-621 2262-85. 704 : 2266.
7051012221111. 700111. : 2244 sq. 708-701 2227
-22, 77712277, 2286. 778-80 : 2278-80.

784101226810. 82811930. 83411287. 83612287.
84412311. 94811506. 05311522. 055-5711524

-26, 96011521. 96511531. 90011295,1306.
98411099. 986 (e 1004);1437. 1014 011111 Agam.

, 75011648. 10151104910. 10161647,1601. 1018

ι110. 10101111. 101011131,1100,1141. 1011
11111101. 10101111111. 101111111111. 1011
1111. 1011·-1οι111-11. 1011111011. 10111111.
10111111. 10111111. 10111111. 101111111.
1011111111111. 1011-111111-11. 101111111011.
10111111. 101111111011101111. 1010111101111.
1011-10111-11. 10111110. 1100-111110-11.
110111111. 1100111111111. 111111111. 1111
11111. 11111111. 11111011. 11101100.
1111-111 1111-11. 1110111 101011. 1111
1101111. 111111011. 1111111101. 1101-111111
-11, 110111111. 1101111111111. 111011111.

 

